0: SUBI 28 , 30 , 16
1: SUBI 29 , 30 , 20
2: WRL 0 , 0 , 0
3: RDI 1 , 0 , 0
4: STW 1 , 30 , -4
5: ADDI 1 , 0 , 1
6: STW 1 , 30 , -8
7: STW 0 , 30 , -12
8: LDW 1 , 30 , -4
9: ADDI 1 , 1 , 1
10: LDW 2 , 30 , -8
11: CMP 2 , 2 , 1
12: BGE 2 , 0 , 17
13: STW 0 , 30 , -12
14: LDW 1 , 30 , -12
15: LDW 3 , 30 , -8
16: CMP 1 , 1 , 3
17: BGE 1 , 0 , 7
18: ADDI 3 , 0 , 1
19: WRD 0 , 3 , 0
20: LDW 3 , 30 , -12
21: ADDI 3 , 3 , 1
22: STW 3 , 30 , -12
23: BEQ 0 , 0 , -9
24: WRL 0 , 0 , 0
25: LDW 3 , 30 , -8
26: ADDI 3 , 3 , 1
27: STW 3 , 30 , -8
28: BEQ 0 , 0 , -20
29: RET 0 , 0 , 0

?: 1  
1  1  
1  1  1  
1  1  1  1  
1  1  1  1  1  
1  1  1  1  1  1  
1  1  1  1  1  1  1  
1  1  1  1  1  1  1  1  
1  1  1  1  1  1  1  1  1  
1  1  1  1  1  1  1  1  1  1  
1  1  1  1  1  1  1  1  1  1  1  
1  1  1  1  1  1  1  1  1  1  1  1  
1  1  1  1  1  1  1  1  1  1  1  1  1  
1  1  1  1  1  1  1  1  1  1  1  1  1  1  
1  1  1  1  1  1  1  1  1  1  1  1  1  1  1  
